00000001111000111000001100110011
11111001110000111100001100000011
00000010100000111101001100000011
01000000001100111101001100010011
01000000010000111101001100010011
00000000011100111011001100010011
00000001110000111011001100110011
00000000011100000000001100010011
11111111100100000000001110010011
00000010100000111010001100000011
00000001100000000000001101101111
11111111111111110100001100110111
00000000011100110001100001100011
00000000011000101111001110110011
00000000011000101110111000110011
00000000011000101100111010110011
Machine Code Map
00000001111000111000001100110011
11111001110000111100001100000011
00000010100000111101001100000011
01000000001100111101001100010011
01000000010000111101001100010011
00000000011100111011001100010011
00000001110000111011001100110011
00000000011100000000001100010011
11111111100100000000001110010011
00000010100000111010001100000011
00000001100000000000001101101111
11111111111111110100001100110111
00000000011100110001100001100011
00000000011000101111001110110011
00000000011000101110111000110011
00000000011000101100111010110011
